id;web_hook_id;tag_id
1;2471;63365
2;30448;21394
3;39665;94863
4;38828;79663
5;8050;39549
6;30246;69823
7;59373;11161
8;6048;64996
9;25565;99599
10;276;96696
